(kicad_pcb (version 20171130) (host pcbnew "(5.1.10)-1")

  (general
    (thickness 1.6)
    (drawings 0)
    (tracks 84)
    (zones 0)
    (modules 13)
    (nets 15)
  )

  (page A4)
  (layers
    (0 F.Cu signal)
    (31 B.Cu signal)
    (32 B.Adhes user)
    (33 F.Adhes user)
    (34 B.Paste user)
    (35 F.Paste user)
    (36 B.SilkS user)
    (37 F.SilkS user)
    (38 B.Mask user)
    (39 F.Mask user)
    (40 Dwgs.User user)
    (41 Cmts.User user)
    (42 Eco1.User user)
    (43 Eco2.User user)
    (44 Edge.Cuts user)
    (45 Margin user)
    (46 B.CrtYd user)
    (47 F.CrtYd user)
    (48 B.Fab user hide)
    (49 F.Fab user hide)
  )

  (setup
    (last_trace_width 0.25)
    (trace_clearance 0.2)
    (zone_clearance 0.508)
    (zone_45_only no)
    (trace_min 0.2)
    (via_size 0.8)
    (via_drill 0.4)
    (via_min_size 0.4)
    (via_min_drill 0.3)
    (uvia_size 0.3)
    (uvia_drill 0.1)
    (uvias_allowed no)
    (uvia_min_size 0.2)
    (uvia_min_drill 0.1)
    (edge_width 0.05)
    (segment_width 0.2)
    (pcb_text_width 0.3)
    (pcb_text_size 1.5 1.5)
    (mod_edge_width 0.12)
    (mod_text_size 1 1)
    (mod_text_width 0.15)
    (pad_size 1.524 1.524)
    (pad_drill 0.762)
    (pad_to_mask_clearance 0)
    (aux_axis_origin 0 0)
    (visible_elements 7FFFFFFF)
    (pcbplotparams
      (layerselection 0x010fc_ffffffff)
      (usegerberextensions false)
      (usegerberattributes true)
      (usegerberadvancedattributes true)
      (creategerberjobfile true)
      (excludeedgelayer true)
      (linewidth 0.100000)
      (plotframeref false)
      (viasonmask false)
      (mode 1)
      (useauxorigin false)
      (hpglpennumber 1)
      (hpglpenspeed 20)
      (hpglpendiameter 15.000000)
      (psnegative false)
      (psa4output false)
      (plotreference true)
      (plotvalue true)
      (plotinvisibletext false)
      (padsonsilk false)
      (subtractmaskfromsilk false)
      (outputformat 1)
      (mirror false)
      (drillshape 1)
      (scaleselection 1)
      (outputdirectory ""))
  )

  (net 0 "")
  (net 1 +5V)
  (net 2 GND)
  (net 3 "Net-(C2-Pad1)")
  (net 4 "Net-(J1-Pad2)")
  (net 5 "Net-(J1-Pad3)")
  (net 6 "Net-(J1-Pad4)")
  (net 7 "Net-(J1-Pad6)")
  (net 8 "Net-(R3-Pad1)")
  (net 9 "Net-(R6-Pad1)")
  (net 10 "Net-(U2-Pad1)")
  (net 11 "Net-(U2-Pad5)")
  (net 12 "Net-(U2-Pad6)")
  (net 13 "Net-(U2-Pad7)")
  (net 14 "Net-(J3-Pad5)")

  (net_class Default "This is the default net class."
    (clearance 0.2)
    (trace_width 0.25)
    (via_dia 0.8)
    (via_drill 0.4)
    (uvia_dia 0.3)
    (uvia_drill 0.1)
    (add_net +5V)
    (add_net GND)
    (add_net "Net-(C2-Pad1)")
    (add_net "Net-(J1-Pad2)")
    (add_net "Net-(J1-Pad3)")
    (add_net "Net-(J1-Pad4)")
    (add_net "Net-(J1-Pad6)")
    (add_net "Net-(J3-Pad5)")
    (add_net "Net-(R3-Pad1)")
    (add_net "Net-(R6-Pad1)")
    (add_net "Net-(U2-Pad1)")
    (add_net "Net-(U2-Pad5)")
    (add_net "Net-(U2-Pad6)")
    (add_net "Net-(U2-Pad7)")
  )

  (module Capacitor_SMD:C_0805_2012Metric (layer B.Cu) (tedit 5F68FEEE) (tstamp 614404AB)
    (at 80.8 108 270)
    (descr "Capacitor SMD 0805 (2012 Metric), square (rectangular) end terminal, IPC_7351 nominal, (Body size source: IPC-SM-782 page 76, https://www.pcb-3d.com/wordpress/wp-content/uploads/ipc-sm-782a_amendment_1_and_2.pdf, https://docs.google.com/spreadsheets/d/1BsfQQcO9C6DZCsRaXUlFlo91Tg2WpOkGARC1WS5S8t0/edit?usp=sharing), generated with kicad-footprint-generator")
    (tags capacitor)
    (path /614362EE)
    (attr smd)
    (fp_text reference C2 (at 0 1.68 270) (layer B.SilkS)
      (effects (font (size 1 1) (thickness 0.15)) (justify mirror))
    )
    (fp_text value 100n (at 0 -1.68 270) (layer B.Fab)
      (effects (font (size 1 1) (thickness 0.15)) (justify mirror))
    )
    (fp_line (start 1.7 -0.98) (end -1.7 -0.98) (layer B.CrtYd) (width 0.05))
    (fp_line (start 1.7 0.98) (end 1.7 -0.98) (layer B.CrtYd) (width 0.05))
    (fp_line (start -1.7 0.98) (end 1.7 0.98) (layer B.CrtYd) (width 0.05))
    (fp_line (start -1.7 -0.98) (end -1.7 0.98) (layer B.CrtYd) (width 0.05))
    (fp_line (start -0.261252 -0.735) (end 0.261252 -0.735) (layer B.SilkS) (width 0.12))
    (fp_line (start -0.261252 0.735) (end 0.261252 0.735) (layer B.SilkS) (width 0.12))
    (fp_line (start 1 -0.625) (end -1 -0.625) (layer B.Fab) (width 0.1))
    (fp_line (start 1 0.625) (end 1 -0.625) (layer B.Fab) (width 0.1))
    (fp_line (start -1 0.625) (end 1 0.625) (layer B.Fab) (width 0.1))
    (fp_line (start -1 -0.625) (end -1 0.625) (layer B.Fab) (width 0.1))
    (fp_text user %R (at 0 0 270) (layer B.Fab)
      (effects (font (size 0.5 0.5) (thickness 0.08)) (justify mirror))
    )
    (pad 2 smd roundrect (at 0.95 0 270) (size 1 1.45) (layers B.Cu B.Paste B.Mask) (roundrect_rratio 0.25)
      (net 2 GND))
    (pad 1 smd roundrect (at -0.95 0 270) (size 1 1.45) (layers B.Cu B.Paste B.Mask) (roundrect_rratio 0.25)
      (net 3 "Net-(C2-Pad1)"))
    (model ${KISYS3DMOD}/Capacitor_SMD.3dshapes/C_0805_2012Metric.wrl
      (at (xyz 0 0 0))
      (scale (xyz 1 1 1))
      (rotate (xyz 0 0 0))
    )
  )

  (module Package_SO:SOIJ-8_5.3x5.3mm_P1.27mm (layer F.Cu) (tedit 5A02F2D3) (tstamp 6144057A)
    (at 77 108.1 270)
    (descr "8-Lead Plastic Small Outline (SM) - Medium, 5.28 mm Body [SOIC] (see Microchip Packaging Specification 00000049BS.pdf)")
    (tags "SOIC 1.27")
    (path /61433AC6)
    (attr smd)
    (fp_text reference U2 (at 0 -3.68 90) (layer F.SilkS)
      (effects (font (size 1 1) (thickness 0.15)))
    )
    (fp_text value ATtiny85V-10SU (at 0 3.68 90) (layer F.Fab)
      (effects (font (size 1 1) (thickness 0.15)))
    )
    (fp_line (start -1.65 -2.65) (end 2.65 -2.65) (layer F.Fab) (width 0.15))
    (fp_line (start 2.65 -2.65) (end 2.65 2.65) (layer F.Fab) (width 0.15))
    (fp_line (start 2.65 2.65) (end -2.65 2.65) (layer F.Fab) (width 0.15))
    (fp_line (start -2.65 2.65) (end -2.65 -1.65) (layer F.Fab) (width 0.15))
    (fp_line (start -2.65 -1.65) (end -1.65 -2.65) (layer F.Fab) (width 0.15))
    (fp_line (start -4.75 -2.95) (end -4.75 2.95) (layer F.CrtYd) (width 0.05))
    (fp_line (start 4.75 -2.95) (end 4.75 2.95) (layer F.CrtYd) (width 0.05))
    (fp_line (start -4.75 -2.95) (end 4.75 -2.95) (layer F.CrtYd) (width 0.05))
    (fp_line (start -4.75 2.95) (end 4.75 2.95) (layer F.CrtYd) (width 0.05))
    (fp_line (start -2.75 -2.755) (end -2.75 -2.55) (layer F.SilkS) (width 0.15))
    (fp_line (start 2.75 -2.755) (end 2.75 -2.455) (layer F.SilkS) (width 0.15))
    (fp_line (start 2.75 2.755) (end 2.75 2.455) (layer F.SilkS) (width 0.15))
    (fp_line (start -2.75 2.755) (end -2.75 2.455) (layer F.SilkS) (width 0.15))
    (fp_line (start -2.75 -2.755) (end 2.75 -2.755) (layer F.SilkS) (width 0.15))
    (fp_line (start -2.75 2.755) (end 2.75 2.755) (layer F.SilkS) (width 0.15))
    (fp_line (start -2.75 -2.55) (end -4.5 -2.55) (layer F.SilkS) (width 0.15))
    (fp_text user %R (at 0 0 90) (layer F.Fab)
      (effects (font (size 1 1) (thickness 0.15)))
    )
    (pad 1 smd rect (at -3.65 -1.905 270) (size 1.7 0.65) (layers F.Cu F.Paste F.Mask)
      (net 10 "Net-(U2-Pad1)"))
    (pad 2 smd rect (at -3.65 -0.635 270) (size 1.7 0.65) (layers F.Cu F.Paste F.Mask)
      (net 9 "Net-(R6-Pad1)"))
    (pad 3 smd rect (at -3.65 0.635 270) (size 1.7 0.65) (layers F.Cu F.Paste F.Mask)
      (net 8 "Net-(R3-Pad1)"))
    (pad 4 smd rect (at -3.65 1.905 270) (size 1.7 0.65) (layers F.Cu F.Paste F.Mask)
      (net 2 GND))
    (pad 5 smd rect (at 3.65 1.905 270) (size 1.7 0.65) (layers F.Cu F.Paste F.Mask)
      (net 11 "Net-(U2-Pad5)"))
    (pad 6 smd rect (at 3.65 0.635 270) (size 1.7 0.65) (layers F.Cu F.Paste F.Mask)
      (net 12 "Net-(U2-Pad6)"))
    (pad 7 smd rect (at 3.65 -0.635 270) (size 1.7 0.65) (layers F.Cu F.Paste F.Mask)
      (net 13 "Net-(U2-Pad7)"))
    (pad 8 smd rect (at 3.65 -1.905 270) (size 1.7 0.65) (layers F.Cu F.Paste F.Mask)
      (net 3 "Net-(C2-Pad1)"))
    (model ${KISYS3DMOD}/Package_SO.3dshapes/SOIJ-8_5.3x5.3mm_P1.27mm.wrl
      (at (xyz 0 0 0))
      (scale (xyz 1 1 1))
      (rotate (xyz 0 0 0))
    )
  )

  (module Connector_USB:USB_A_CNCTech_1001-011-01101_Horizontal (layer F.Cu) (tedit 5E754393) (tstamp 61444873)
    (at 54.4 108.4 180)
    (descr "USB type A Plug, Horizontal, http://cnctech.us/pdfs/1001-011-01101.pdf")
    (tags USB-A)
    (path /61438836)
    (attr smd)
    (fp_text reference J3 (at -6.9 -8) (layer F.SilkS)
      (effects (font (size 1 1) (thickness 0.15)))
    )
    (fp_text value USB_A (at 0 8 180) (layer F.Fab)
      (effects (font (size 1 1) (thickness 0.15)))
    )
    (fp_line (start -7.25 -4) (end -7.25 -3.05) (layer F.Fab) (width 0.1))
    (fp_line (start -7.75 -3.5) (end -7.25 -4) (layer F.Fab) (width 0.1))
    (fp_line (start -7.75 -3.5) (end -7.25 -3) (layer F.Fab) (width 0.1))
    (fp_line (start -8.02 -4.4) (end -8.775 -4.4) (layer F.SilkS) (width 0.12))
    (fp_line (start -11.4 4.55) (end -9.15 4.55) (layer F.CrtYd) (width 0.05))
    (fp_line (start -9.15 4.55) (end -9.15 7.15) (layer F.CrtYd) (width 0.05))
    (fp_line (start -9.15 7.15) (end -4.65 7.15) (layer F.CrtYd) (width 0.05))
    (fp_line (start -4.65 7.15) (end -4.65 6.52) (layer F.CrtYd) (width 0.05))
    (fp_line (start -4.65 6.52) (end 11.4 6.52) (layer F.CrtYd) (width 0.05))
    (fp_line (start 11.4 6.52) (end 11.4 -6.52) (layer F.CrtYd) (width 0.05))
    (fp_line (start -4.65 -6.52) (end 11.4 -6.52) (layer F.CrtYd) (width 0.05))
    (fp_line (start -4.65 -6.52) (end -4.65 -7.15) (layer F.CrtYd) (width 0.05))
    (fp_line (start -9.15 -7.15) (end -4.65 -7.15) (layer F.CrtYd) (width 0.05))
    (fp_line (start -9.15 -7.15) (end -9.15 -4.55) (layer F.CrtYd) (width 0.05))
    (fp_line (start -11.4 -4.55) (end -9.15 -4.55) (layer F.CrtYd) (width 0.05))
    (fp_line (start -11.4 4.55) (end -11.4 -4.55) (layer F.CrtYd) (width 0.05))
    (fp_line (start -4.85 6.145) (end -3.8 6.145) (layer F.SilkS) (width 0.12))
    (fp_line (start -4.85 -6.145) (end -3.8 -6.145) (layer F.SilkS) (width 0.12))
    (fp_line (start -3.8 6.025) (end -3.8 -6.025) (layer Dwgs.User) (width 0.1))
    (fp_line (start -8.02 -4.4) (end -8.02 4.4) (layer F.SilkS) (width 0.12))
    (fp_circle (center -6.9 2.3) (end -6.9 2.8) (layer F.Fab) (width 0.1))
    (fp_circle (center -6.9 -2.3) (end -6.9 -2.8) (layer F.Fab) (width 0.1))
    (fp_line (start -10.4 -3.25) (end -7.9 -3.25) (layer F.Fab) (width 0.1))
    (fp_line (start -10.4 -3.25) (end -10.4 -3.75) (layer F.Fab) (width 0.1))
    (fp_line (start -10.4 -3.75) (end -7.9 -3.75) (layer F.Fab) (width 0.1))
    (fp_line (start -10.4 -1.25) (end -7.9 -1.25) (layer F.Fab) (width 0.1))
    (fp_line (start -10.4 -0.75) (end -7.9 -0.75) (layer F.Fab) (width 0.1))
    (fp_line (start -10.4 -0.75) (end -10.4 -1.25) (layer F.Fab) (width 0.1))
    (fp_line (start -10.4 1.25) (end -7.9 1.25) (layer F.Fab) (width 0.1))
    (fp_line (start -10.4 1.25) (end -10.4 0.75) (layer F.Fab) (width 0.1))
    (fp_line (start -10.4 0.75) (end -7.9 0.75) (layer F.Fab) (width 0.1))
    (fp_line (start -10.4 3.75) (end -7.9 3.75) (layer F.Fab) (width 0.1))
    (fp_line (start -10.4 3.25) (end -7.9 3.25) (layer F.Fab) (width 0.1))
    (fp_line (start -10.4 3.75) (end -10.4 3.25) (layer F.Fab) (width 0.1))
    (fp_line (start 10.9 6.025) (end 10.9 -6.025) (layer F.Fab) (width 0.1))
    (fp_line (start -7.9 6.025) (end 10.9 6.025) (layer F.Fab) (width 0.1))
    (fp_line (start -7.9 -6.025) (end 10.9 -6.025) (layer F.Fab) (width 0.1))
    (fp_line (start -7.9 6.025) (end -7.9 -6.025) (layer F.Fab) (width 0.1))
    (fp_text user "PCB Edge" (at -4.55 -0.05 90) (layer Dwgs.User)
      (effects (font (size 0.6 0.6) (thickness 0.09)))
    )
    (fp_text user %R (at -6 0 90) (layer F.Fab)
      (effects (font (size 1 1) (thickness 0.15)))
    )
    (pad 2 smd rect (at -9.65 -1 180) (size 2.5 1.1) (layers F.Cu F.Paste F.Mask)
      (net 4 "Net-(J1-Pad2)"))
    (pad 3 smd rect (at -9.65 1 180) (size 2.5 1.1) (layers F.Cu F.Paste F.Mask)
      (net 5 "Net-(J1-Pad3)"))
    (pad 1 smd rect (at -9.65 -3.5 180) (size 2.5 1.1) (layers F.Cu F.Paste F.Mask)
      (net 1 +5V))
    (pad 4 smd rect (at -9.65 3.5 180) (size 2.5 1.1) (layers F.Cu F.Paste F.Mask)
      (net 2 GND))
    (pad 5 thru_hole oval (at -6.9 -5.7 180) (size 3.5 1.9) (drill oval 2.5 0.9) (layers *.Cu *.Mask)
      (net 14 "Net-(J3-Pad5)"))
    (pad 5 thru_hole oval (at -6.9 5.7 180) (size 3.5 1.9) (drill oval 2.5 0.9) (layers *.Cu *.Mask)
      (net 14 "Net-(J3-Pad5)"))
    (pad "" np_thru_hole circle (at -6.9 -2.3 180) (size 1.1 1.1) (drill 1.1) (layers *.Cu *.Mask))
    (pad "" np_thru_hole circle (at -6.9 2.3 180) (size 1.1 1.1) (drill 1.1) (layers *.Cu *.Mask))
    (model ${KISYS3DMOD}/Connector_USB.3dshapes/USB_A_CNCTech_1001-011-01101_Horizontal.wrl
      (at (xyz 0 0 0))
      (scale (xyz 1 1 1))
      (rotate (xyz 0 0 0))
    )
  )

  (module Connector_USB:USB_Micro-B_Molex_47346-0001 (layer B.Cu) (tedit 5D8620A7) (tstamp 614404CB)
    (at 66.2 108.3 90)
    (descr "Micro USB B receptable with flange, bottom-mount, SMD, right-angle (http://www.molex.com/pdm_docs/sd/473460001_sd.pdf)")
    (tags "Micro B USB SMD")
    (path /61436B0E)
    (attr smd)
    (fp_text reference J1 (at 0 3.3 90) (layer B.SilkS)
      (effects (font (size 1 1) (thickness 0.15)) (justify mirror))
    )
    (fp_text value USB_B_Micro (at 0 -4.6 90) (layer B.Fab)
      (effects (font (size 1 1) (thickness 0.15)) (justify mirror))
    )
    (fp_line (start 3.81 1.71) (end 3.43 1.71) (layer B.SilkS) (width 0.12))
    (fp_line (start 4.7 -3.85) (end -4.7 -3.85) (layer B.CrtYd) (width 0.05))
    (fp_line (start 4.7 2.65) (end 4.7 -3.85) (layer B.CrtYd) (width 0.05))
    (fp_line (start -4.7 2.65) (end 4.7 2.65) (layer B.CrtYd) (width 0.05))
    (fp_line (start -4.7 -3.85) (end -4.7 2.65) (layer B.CrtYd) (width 0.05))
    (fp_line (start 3.75 -3.35) (end -3.75 -3.35) (layer B.Fab) (width 0.1))
    (fp_line (start 3.75 1.65) (end 3.75 -3.35) (layer B.Fab) (width 0.1))
    (fp_line (start -3.75 1.65) (end 3.75 1.65) (layer B.Fab) (width 0.1))
    (fp_line (start -3.75 -3.35) (end -3.75 1.65) (layer B.Fab) (width 0.1))
    (fp_line (start 3.81 -2.34) (end 3.81 -2.6) (layer B.SilkS) (width 0.12))
    (fp_line (start 3.81 1.71) (end 3.81 -0.06) (layer B.SilkS) (width 0.12))
    (fp_line (start -3.81 1.71) (end -3.43 1.71) (layer B.SilkS) (width 0.12))
    (fp_line (start -3.81 -0.06) (end -3.81 1.71) (layer B.SilkS) (width 0.12))
    (fp_line (start -3.81 -2.6) (end -3.81 -2.34) (layer B.SilkS) (width 0.12))
    (fp_line (start -3.25 -2.65) (end 3.25 -2.65) (layer B.Fab) (width 0.1))
    (fp_text user "PCB Edge" (at 0 -2.67 90) (layer Dwgs.User)
      (effects (font (size 0.4 0.4) (thickness 0.04)))
    )
    (fp_text user %R (at 0 -1.2 -90) (layer B.Fab)
      (effects (font (size 1 1) (thickness 0.15)) (justify mirror))
    )
    (pad 1 smd rect (at -1.3 1.46 90) (size 0.45 1.38) (layers B.Cu B.Paste B.Mask)
      (net 1 +5V))
    (pad 2 smd rect (at -0.65 1.46 90) (size 0.45 1.38) (layers B.Cu B.Paste B.Mask)
      (net 4 "Net-(J1-Pad2)"))
    (pad 3 smd rect (at 0 1.46 90) (size 0.45 1.38) (layers B.Cu B.Paste B.Mask)
      (net 5 "Net-(J1-Pad3)"))
    (pad 4 smd rect (at 0.65 1.46 90) (size 0.45 1.38) (layers B.Cu B.Paste B.Mask)
      (net 6 "Net-(J1-Pad4)"))
    (pad 5 smd rect (at 1.3 1.46 90) (size 0.45 1.38) (layers B.Cu B.Paste B.Mask)
      (net 2 GND))
    (pad 6 smd rect (at -2.4875 1.375 90) (size 1.425 1.55) (layers B.Cu B.Paste B.Mask)
      (net 7 "Net-(J1-Pad6)"))
    (pad 6 smd rect (at 2.4875 1.375 90) (size 1.425 1.55) (layers B.Cu B.Paste B.Mask)
      (net 7 "Net-(J1-Pad6)"))
    (pad 6 smd rect (at -3.375 -1.2 90) (size 1.65 1.3) (layers B.Cu B.Paste B.Mask)
      (net 7 "Net-(J1-Pad6)"))
    (pad 6 smd rect (at 3.375 -1.2 90) (size 1.65 1.3) (layers B.Cu B.Paste B.Mask)
      (net 7 "Net-(J1-Pad6)"))
    (pad 6 smd rect (at -1.15 -1.2 90) (size 1.8 1.9) (layers B.Cu B.Paste B.Mask)
      (net 7 "Net-(J1-Pad6)"))
    (pad 6 smd rect (at 1.55 -1.2 90) (size 1 1.9) (layers B.Cu B.Paste B.Mask)
      (net 7 "Net-(J1-Pad6)"))
    (model ${KISYS3DMOD}/Connector_USB.3dshapes/USB_Micro-B_Molex_47346-0001.wrl
      (at (xyz 0 0 0))
      (scale (xyz 1 1 1))
      (rotate (xyz 0 0 0))
    )
  )

  (module Capacitor_SMD:C_0805_2012Metric (layer B.Cu) (tedit 5F68FEEE) (tstamp 6144049A)
    (at 71.2 108 90)
    (descr "Capacitor SMD 0805 (2012 Metric), square (rectangular) end terminal, IPC_7351 nominal, (Body size source: IPC-SM-782 page 76, https://www.pcb-3d.com/wordpress/wp-content/uploads/ipc-sm-782a_amendment_1_and_2.pdf, https://docs.google.com/spreadsheets/d/1BsfQQcO9C6DZCsRaXUlFlo91Tg2WpOkGARC1WS5S8t0/edit?usp=sharing), generated with kicad-footprint-generator")
    (tags capacitor)
    (path /61436046)
    (attr smd)
    (fp_text reference C1 (at 0 1.68 -90) (layer B.SilkS)
      (effects (font (size 1 1) (thickness 0.15)) (justify mirror))
    )
    (fp_text value 100n (at 0 -1.68 -90) (layer B.Fab)
      (effects (font (size 1 1) (thickness 0.15)) (justify mirror))
    )
    (fp_line (start -1 -0.625) (end -1 0.625) (layer B.Fab) (width 0.1))
    (fp_line (start -1 0.625) (end 1 0.625) (layer B.Fab) (width 0.1))
    (fp_line (start 1 0.625) (end 1 -0.625) (layer B.Fab) (width 0.1))
    (fp_line (start 1 -0.625) (end -1 -0.625) (layer B.Fab) (width 0.1))
    (fp_line (start -0.261252 0.735) (end 0.261252 0.735) (layer B.SilkS) (width 0.12))
    (fp_line (start -0.261252 -0.735) (end 0.261252 -0.735) (layer B.SilkS) (width 0.12))
    (fp_line (start -1.7 -0.98) (end -1.7 0.98) (layer B.CrtYd) (width 0.05))
    (fp_line (start -1.7 0.98) (end 1.7 0.98) (layer B.CrtYd) (width 0.05))
    (fp_line (start 1.7 0.98) (end 1.7 -0.98) (layer B.CrtYd) (width 0.05))
    (fp_line (start 1.7 -0.98) (end -1.7 -0.98) (layer B.CrtYd) (width 0.05))
    (fp_text user %R (at 0 0 -90) (layer B.Fab)
      (effects (font (size 0.5 0.5) (thickness 0.08)) (justify mirror))
    )
    (pad 1 smd roundrect (at -0.95 0 90) (size 1 1.45) (layers B.Cu B.Paste B.Mask) (roundrect_rratio 0.25)
      (net 1 +5V))
    (pad 2 smd roundrect (at 0.95 0 90) (size 1 1.45) (layers B.Cu B.Paste B.Mask) (roundrect_rratio 0.25)
      (net 2 GND))
    (model ${KISYS3DMOD}/Capacitor_SMD.3dshapes/C_0805_2012Metric.wrl
      (at (xyz 0 0 0))
      (scale (xyz 1 1 1))
      (rotate (xyz 0 0 0))
    )
  )

  (module Connector_PinHeader_2.54mm:PinHeader_1x02_P2.54mm_Vertical (layer B.Cu) (tedit 59FED5CC) (tstamp 614404E1)
    (at 83.7 109.1)
    (descr "Through hole straight pin header, 1x02, 2.54mm pitch, single row")
    (tags "Through hole pin header THT 1x02 2.54mm single row")
    (path /6143CB16)
    (fp_text reference J2 (at 0 2.33) (layer B.SilkS)
      (effects (font (size 1 1) (thickness 0.15)) (justify mirror))
    )
    (fp_text value Vout (at 0 -4.87) (layer B.Fab)
      (effects (font (size 1 1) (thickness 0.15)) (justify mirror))
    )
    (fp_line (start -0.635 1.27) (end 1.27 1.27) (layer B.Fab) (width 0.1))
    (fp_line (start 1.27 1.27) (end 1.27 -3.81) (layer B.Fab) (width 0.1))
    (fp_line (start 1.27 -3.81) (end -1.27 -3.81) (layer B.Fab) (width 0.1))
    (fp_line (start -1.27 -3.81) (end -1.27 0.635) (layer B.Fab) (width 0.1))
    (fp_line (start -1.27 0.635) (end -0.635 1.27) (layer B.Fab) (width 0.1))
    (fp_line (start -1.33 -3.87) (end 1.33 -3.87) (layer B.SilkS) (width 0.12))
    (fp_line (start -1.33 -1.27) (end -1.33 -3.87) (layer B.SilkS) (width 0.12))
    (fp_line (start 1.33 -1.27) (end 1.33 -3.87) (layer B.SilkS) (width 0.12))
    (fp_line (start -1.33 -1.27) (end 1.33 -1.27) (layer B.SilkS) (width 0.12))
    (fp_line (start -1.33 0) (end -1.33 1.33) (layer B.SilkS) (width 0.12))
    (fp_line (start -1.33 1.33) (end 0 1.33) (layer B.SilkS) (width 0.12))
    (fp_line (start -1.8 1.8) (end -1.8 -4.35) (layer B.CrtYd) (width 0.05))
    (fp_line (start -1.8 -4.35) (end 1.8 -4.35) (layer B.CrtYd) (width 0.05))
    (fp_line (start 1.8 -4.35) (end 1.8 1.8) (layer B.CrtYd) (width 0.05))
    (fp_line (start 1.8 1.8) (end -1.8 1.8) (layer B.CrtYd) (width 0.05))
    (fp_text user %R (at 0 -1.27 -90) (layer B.Fab)
      (effects (font (size 1 1) (thickness 0.15)) (justify mirror))
    )
    (pad 1 thru_hole rect (at 0 0) (size 1.7 1.7) (drill 1) (layers *.Cu *.Mask)
      (net 1 +5V))
    (pad 2 thru_hole oval (at 0 -2.54) (size 1.7 1.7) (drill 1) (layers *.Cu *.Mask)
      (net 2 GND))
    (model ${KISYS3DMOD}/Connector_PinHeader_2.54mm.3dshapes/PinHeader_1x02_P2.54mm_Vertical.wrl
      (at (xyz 0 0 0))
      (scale (xyz 1 1 1))
      (rotate (xyz 0 0 0))
    )
  )

  (module Resistor_SMD:R_0805_2012Metric (layer F.Cu) (tedit 5F68FEEE) (tstamp 614404F2)
    (at 67.4 110.2 90)
    (descr "Resistor SMD 0805 (2012 Metric), square (rectangular) end terminal, IPC_7351 nominal, (Body size source: IPC-SM-782 page 72, https://www.pcb-3d.com/wordpress/wp-content/uploads/ipc-sm-782a_amendment_1_and_2.pdf), generated with kicad-footprint-generator")
    (tags resistor)
    (path /61434CAC)
    (attr smd)
    (fp_text reference R1 (at 0 -1.65 90) (layer F.SilkS)
      (effects (font (size 1 1) (thickness 0.15)))
    )
    (fp_text value 10k (at 0 1.65 90) (layer F.Fab)
      (effects (font (size 1 1) (thickness 0.15)))
    )
    (fp_line (start -1 0.625) (end -1 -0.625) (layer F.Fab) (width 0.1))
    (fp_line (start -1 -0.625) (end 1 -0.625) (layer F.Fab) (width 0.1))
    (fp_line (start 1 -0.625) (end 1 0.625) (layer F.Fab) (width 0.1))
    (fp_line (start 1 0.625) (end -1 0.625) (layer F.Fab) (width 0.1))
    (fp_line (start -0.227064 -0.735) (end 0.227064 -0.735) (layer F.SilkS) (width 0.12))
    (fp_line (start -0.227064 0.735) (end 0.227064 0.735) (layer F.SilkS) (width 0.12))
    (fp_line (start -1.68 0.95) (end -1.68 -0.95) (layer F.CrtYd) (width 0.05))
    (fp_line (start -1.68 -0.95) (end 1.68 -0.95) (layer F.CrtYd) (width 0.05))
    (fp_line (start 1.68 -0.95) (end 1.68 0.95) (layer F.CrtYd) (width 0.05))
    (fp_line (start 1.68 0.95) (end -1.68 0.95) (layer F.CrtYd) (width 0.05))
    (fp_text user %R (at 0 0 90) (layer F.Fab)
      (effects (font (size 0.5 0.5) (thickness 0.08)))
    )
    (pad 1 smd roundrect (at -0.9125 0 90) (size 1.025 1.4) (layers F.Cu F.Paste F.Mask) (roundrect_rratio 0.243902)
      (net 1 +5V))
    (pad 2 smd roundrect (at 0.9125 0 90) (size 1.025 1.4) (layers F.Cu F.Paste F.Mask) (roundrect_rratio 0.243902)
      (net 5 "Net-(J1-Pad3)"))
    (model ${KISYS3DMOD}/Resistor_SMD.3dshapes/R_0805_2012Metric.wrl
      (at (xyz 0 0 0))
      (scale (xyz 1 1 1))
      (rotate (xyz 0 0 0))
    )
  )

  (module Resistor_SMD:R_0805_2012Metric (layer F.Cu) (tedit 5F68FEEE) (tstamp 61440503)
    (at 67.4 106.8 90)
    (descr "Resistor SMD 0805 (2012 Metric), square (rectangular) end terminal, IPC_7351 nominal, (Body size source: IPC-SM-782 page 72, https://www.pcb-3d.com/wordpress/wp-content/uploads/ipc-sm-782a_amendment_1_and_2.pdf), generated with kicad-footprint-generator")
    (tags resistor)
    (path /6143509F)
    (attr smd)
    (fp_text reference R2 (at 0 -1.65 90) (layer F.SilkS)
      (effects (font (size 1 1) (thickness 0.15)))
    )
    (fp_text value 1k5 (at 0 1.65 90) (layer F.Fab)
      (effects (font (size 1 1) (thickness 0.15)))
    )
    (fp_line (start 1.68 0.95) (end -1.68 0.95) (layer F.CrtYd) (width 0.05))
    (fp_line (start 1.68 -0.95) (end 1.68 0.95) (layer F.CrtYd) (width 0.05))
    (fp_line (start -1.68 -0.95) (end 1.68 -0.95) (layer F.CrtYd) (width 0.05))
    (fp_line (start -1.68 0.95) (end -1.68 -0.95) (layer F.CrtYd) (width 0.05))
    (fp_line (start -0.227064 0.735) (end 0.227064 0.735) (layer F.SilkS) (width 0.12))
    (fp_line (start -0.227064 -0.735) (end 0.227064 -0.735) (layer F.SilkS) (width 0.12))
    (fp_line (start 1 0.625) (end -1 0.625) (layer F.Fab) (width 0.1))
    (fp_line (start 1 -0.625) (end 1 0.625) (layer F.Fab) (width 0.1))
    (fp_line (start -1 -0.625) (end 1 -0.625) (layer F.Fab) (width 0.1))
    (fp_line (start -1 0.625) (end -1 -0.625) (layer F.Fab) (width 0.1))
    (fp_text user %R (at 0 0 90) (layer F.Fab)
      (effects (font (size 0.5 0.5) (thickness 0.08)))
    )
    (pad 2 smd roundrect (at 0.9125 0 90) (size 1.025 1.4) (layers F.Cu F.Paste F.Mask) (roundrect_rratio 0.243902)
      (net 2 GND))
    (pad 1 smd roundrect (at -0.9125 0 90) (size 1.025 1.4) (layers F.Cu F.Paste F.Mask) (roundrect_rratio 0.243902)
      (net 5 "Net-(J1-Pad3)"))
    (model ${KISYS3DMOD}/Resistor_SMD.3dshapes/R_0805_2012Metric.wrl
      (at (xyz 0 0 0))
      (scale (xyz 1 1 1))
      (rotate (xyz 0 0 0))
    )
  )

  (module Resistor_SMD:R_0805_2012Metric (layer F.Cu) (tedit 5F68FEEE) (tstamp 61440514)
    (at 70.1 106.9 180)
    (descr "Resistor SMD 0805 (2012 Metric), square (rectangular) end terminal, IPC_7351 nominal, (Body size source: IPC-SM-782 page 72, https://www.pcb-3d.com/wordpress/wp-content/uploads/ipc-sm-782a_amendment_1_and_2.pdf), generated with kicad-footprint-generator")
    (tags resistor)
    (path /6143548A)
    (attr smd)
    (fp_text reference R3 (at 0 -1.65) (layer F.SilkS)
      (effects (font (size 1 1) (thickness 0.15)))
    )
    (fp_text value 470 (at 0 1.65) (layer F.Fab)
      (effects (font (size 1 1) (thickness 0.15)))
    )
    (fp_line (start -1 0.625) (end -1 -0.625) (layer F.Fab) (width 0.1))
    (fp_line (start -1 -0.625) (end 1 -0.625) (layer F.Fab) (width 0.1))
    (fp_line (start 1 -0.625) (end 1 0.625) (layer F.Fab) (width 0.1))
    (fp_line (start 1 0.625) (end -1 0.625) (layer F.Fab) (width 0.1))
    (fp_line (start -0.227064 -0.735) (end 0.227064 -0.735) (layer F.SilkS) (width 0.12))
    (fp_line (start -0.227064 0.735) (end 0.227064 0.735) (layer F.SilkS) (width 0.12))
    (fp_line (start -1.68 0.95) (end -1.68 -0.95) (layer F.CrtYd) (width 0.05))
    (fp_line (start -1.68 -0.95) (end 1.68 -0.95) (layer F.CrtYd) (width 0.05))
    (fp_line (start 1.68 -0.95) (end 1.68 0.95) (layer F.CrtYd) (width 0.05))
    (fp_line (start 1.68 0.95) (end -1.68 0.95) (layer F.CrtYd) (width 0.05))
    (fp_text user %R (at 0 0) (layer F.Fab)
      (effects (font (size 0.5 0.5) (thickness 0.08)))
    )
    (pad 1 smd roundrect (at -0.9125 0 180) (size 1.025 1.4) (layers F.Cu F.Paste F.Mask) (roundrect_rratio 0.243902)
      (net 8 "Net-(R3-Pad1)"))
    (pad 2 smd roundrect (at 0.9125 0 180) (size 1.025 1.4) (layers F.Cu F.Paste F.Mask) (roundrect_rratio 0.243902)
      (net 5 "Net-(J1-Pad3)"))
    (model ${KISYS3DMOD}/Resistor_SMD.3dshapes/R_0805_2012Metric.wrl
      (at (xyz 0 0 0))
      (scale (xyz 1 1 1))
      (rotate (xyz 0 0 0))
    )
  )

  (module Resistor_SMD:R_0805_2012Metric (layer F.Cu) (tedit 5F68FEEE) (tstamp 61440525)
    (at 69.5 110.9875 90)
    (descr "Resistor SMD 0805 (2012 Metric), square (rectangular) end terminal, IPC_7351 nominal, (Body size source: IPC-SM-782 page 72, https://www.pcb-3d.com/wordpress/wp-content/uploads/ipc-sm-782a_amendment_1_and_2.pdf), generated with kicad-footprint-generator")
    (tags resistor)
    (path /614482BF)
    (attr smd)
    (fp_text reference R4 (at 0 -1.65 90) (layer F.SilkS)
      (effects (font (size 1 1) (thickness 0.15)))
    )
    (fp_text value 10k (at 0 1.65 90) (layer F.Fab)
      (effects (font (size 1 1) (thickness 0.15)))
    )
    (fp_line (start 1.68 0.95) (end -1.68 0.95) (layer F.CrtYd) (width 0.05))
    (fp_line (start 1.68 -0.95) (end 1.68 0.95) (layer F.CrtYd) (width 0.05))
    (fp_line (start -1.68 -0.95) (end 1.68 -0.95) (layer F.CrtYd) (width 0.05))
    (fp_line (start -1.68 0.95) (end -1.68 -0.95) (layer F.CrtYd) (width 0.05))
    (fp_line (start -0.227064 0.735) (end 0.227064 0.735) (layer F.SilkS) (width 0.12))
    (fp_line (start -0.227064 -0.735) (end 0.227064 -0.735) (layer F.SilkS) (width 0.12))
    (fp_line (start 1 0.625) (end -1 0.625) (layer F.Fab) (width 0.1))
    (fp_line (start 1 -0.625) (end 1 0.625) (layer F.Fab) (width 0.1))
    (fp_line (start -1 -0.625) (end 1 -0.625) (layer F.Fab) (width 0.1))
    (fp_line (start -1 0.625) (end -1 -0.625) (layer F.Fab) (width 0.1))
    (fp_text user %R (at 0 0 90) (layer F.Fab)
      (effects (font (size 0.5 0.5) (thickness 0.08)))
    )
    (pad 2 smd roundrect (at 0.9125 0 90) (size 1.025 1.4) (layers F.Cu F.Paste F.Mask) (roundrect_rratio 0.243902)
      (net 4 "Net-(J1-Pad2)"))
    (pad 1 smd roundrect (at -0.9125 0 90) (size 1.025 1.4) (layers F.Cu F.Paste F.Mask) (roundrect_rratio 0.243902)
      (net 1 +5V))
    (model ${KISYS3DMOD}/Resistor_SMD.3dshapes/R_0805_2012Metric.wrl
      (at (xyz 0 0 0))
      (scale (xyz 1 1 1))
      (rotate (xyz 0 0 0))
    )
  )

  (module Resistor_SMD:R_0805_2012Metric (layer F.Cu) (tedit 5F68FEEE) (tstamp 61440536)
    (at 72.9 106.9 90)
    (descr "Resistor SMD 0805 (2012 Metric), square (rectangular) end terminal, IPC_7351 nominal, (Body size source: IPC-SM-782 page 72, https://www.pcb-3d.com/wordpress/wp-content/uploads/ipc-sm-782a_amendment_1_and_2.pdf), generated with kicad-footprint-generator")
    (tags resistor)
    (path /614483D9)
    (attr smd)
    (fp_text reference R5 (at 0 -1.65 90) (layer F.SilkS)
      (effects (font (size 1 1) (thickness 0.15)))
    )
    (fp_text value 1k5 (at 0 1.65 90) (layer F.Fab)
      (effects (font (size 1 1) (thickness 0.15)))
    )
    (fp_line (start -1 0.625) (end -1 -0.625) (layer F.Fab) (width 0.1))
    (fp_line (start -1 -0.625) (end 1 -0.625) (layer F.Fab) (width 0.1))
    (fp_line (start 1 -0.625) (end 1 0.625) (layer F.Fab) (width 0.1))
    (fp_line (start 1 0.625) (end -1 0.625) (layer F.Fab) (width 0.1))
    (fp_line (start -0.227064 -0.735) (end 0.227064 -0.735) (layer F.SilkS) (width 0.12))
    (fp_line (start -0.227064 0.735) (end 0.227064 0.735) (layer F.SilkS) (width 0.12))
    (fp_line (start -1.68 0.95) (end -1.68 -0.95) (layer F.CrtYd) (width 0.05))
    (fp_line (start -1.68 -0.95) (end 1.68 -0.95) (layer F.CrtYd) (width 0.05))
    (fp_line (start 1.68 -0.95) (end 1.68 0.95) (layer F.CrtYd) (width 0.05))
    (fp_line (start 1.68 0.95) (end -1.68 0.95) (layer F.CrtYd) (width 0.05))
    (fp_text user %R (at 0 0 90) (layer F.Fab)
      (effects (font (size 0.5 0.5) (thickness 0.08)))
    )
    (pad 1 smd roundrect (at -0.9125 0 90) (size 1.025 1.4) (layers F.Cu F.Paste F.Mask) (roundrect_rratio 0.243902)
      (net 4 "Net-(J1-Pad2)"))
    (pad 2 smd roundrect (at 0.9125 0 90) (size 1.025 1.4) (layers F.Cu F.Paste F.Mask) (roundrect_rratio 0.243902)
      (net 2 GND))
    (model ${KISYS3DMOD}/Resistor_SMD.3dshapes/R_0805_2012Metric.wrl
      (at (xyz 0 0 0))
      (scale (xyz 1 1 1))
      (rotate (xyz 0 0 0))
    )
  )

  (module Resistor_SMD:R_0805_2012Metric (layer F.Cu) (tedit 5F68FEEE) (tstamp 61440547)
    (at 72.4 109.7 180)
    (descr "Resistor SMD 0805 (2012 Metric), square (rectangular) end terminal, IPC_7351 nominal, (Body size source: IPC-SM-782 page 72, https://www.pcb-3d.com/wordpress/wp-content/uploads/ipc-sm-782a_amendment_1_and_2.pdf), generated with kicad-footprint-generator")
    (tags resistor)
    (path /614483E3)
    (attr smd)
    (fp_text reference R6 (at 0 -1.65) (layer F.SilkS)
      (effects (font (size 1 1) (thickness 0.15)))
    )
    (fp_text value 470 (at 0 1.65) (layer F.Fab)
      (effects (font (size 1 1) (thickness 0.15)))
    )
    (fp_line (start 1.68 0.95) (end -1.68 0.95) (layer F.CrtYd) (width 0.05))
    (fp_line (start 1.68 -0.95) (end 1.68 0.95) (layer F.CrtYd) (width 0.05))
    (fp_line (start -1.68 -0.95) (end 1.68 -0.95) (layer F.CrtYd) (width 0.05))
    (fp_line (start -1.68 0.95) (end -1.68 -0.95) (layer F.CrtYd) (width 0.05))
    (fp_line (start -0.227064 0.735) (end 0.227064 0.735) (layer F.SilkS) (width 0.12))
    (fp_line (start -0.227064 -0.735) (end 0.227064 -0.735) (layer F.SilkS) (width 0.12))
    (fp_line (start 1 0.625) (end -1 0.625) (layer F.Fab) (width 0.1))
    (fp_line (start 1 -0.625) (end 1 0.625) (layer F.Fab) (width 0.1))
    (fp_line (start -1 -0.625) (end 1 -0.625) (layer F.Fab) (width 0.1))
    (fp_line (start -1 0.625) (end -1 -0.625) (layer F.Fab) (width 0.1))
    (fp_text user %R (at 0 0) (layer F.Fab)
      (effects (font (size 0.5 0.5) (thickness 0.08)))
    )
    (pad 2 smd roundrect (at 0.9125 0 180) (size 1.025 1.4) (layers F.Cu F.Paste F.Mask) (roundrect_rratio 0.243902)
      (net 4 "Net-(J1-Pad2)"))
    (pad 1 smd roundrect (at -0.9125 0 180) (size 1.025 1.4) (layers F.Cu F.Paste F.Mask) (roundrect_rratio 0.243902)
      (net 9 "Net-(R6-Pad1)"))
    (model ${KISYS3DMOD}/Resistor_SMD.3dshapes/R_0805_2012Metric.wrl
      (at (xyz 0 0 0))
      (scale (xyz 1 1 1))
      (rotate (xyz 0 0 0))
    )
  )

  (module Package_TO_SOT_SMD:SOT-223-3_TabPin2 (layer B.Cu) (tedit 5A02FF57) (tstamp 6144055D)
    (at 76 108.2 90)
    (descr "module CMS SOT223 4 pins")
    (tags "CMS SOT")
    (path /614343F3)
    (attr smd)
    (fp_text reference U1 (at 0 4.5 -90) (layer B.SilkS)
      (effects (font (size 1 1) (thickness 0.15)) (justify mirror))
    )
    (fp_text value AMS1117-5.0 (at 0 -4.5 -90) (layer B.Fab)
      (effects (font (size 1 1) (thickness 0.15)) (justify mirror))
    )
    (fp_line (start 1.91 -3.41) (end 1.91 -2.15) (layer B.SilkS) (width 0.12))
    (fp_line (start 1.91 3.41) (end 1.91 2.15) (layer B.SilkS) (width 0.12))
    (fp_line (start 4.4 3.6) (end -4.4 3.6) (layer B.CrtYd) (width 0.05))
    (fp_line (start 4.4 -3.6) (end 4.4 3.6) (layer B.CrtYd) (width 0.05))
    (fp_line (start -4.4 -3.6) (end 4.4 -3.6) (layer B.CrtYd) (width 0.05))
    (fp_line (start -4.4 3.6) (end -4.4 -3.6) (layer B.CrtYd) (width 0.05))
    (fp_line (start -1.85 2.35) (end -0.85 3.35) (layer B.Fab) (width 0.1))
    (fp_line (start -1.85 2.35) (end -1.85 -3.35) (layer B.Fab) (width 0.1))
    (fp_line (start -1.85 -3.41) (end 1.91 -3.41) (layer B.SilkS) (width 0.12))
    (fp_line (start -0.85 3.35) (end 1.85 3.35) (layer B.Fab) (width 0.1))
    (fp_line (start -4.1 3.41) (end 1.91 3.41) (layer B.SilkS) (width 0.12))
    (fp_line (start -1.85 -3.35) (end 1.85 -3.35) (layer B.Fab) (width 0.1))
    (fp_line (start 1.85 3.35) (end 1.85 -3.35) (layer B.Fab) (width 0.1))
    (fp_text user %R (at 0 0) (layer B.Fab)
      (effects (font (size 0.8 0.8) (thickness 0.12)) (justify mirror))
    )
    (pad 2 smd rect (at 3.15 0 90) (size 2 3.8) (layers B.Cu B.Paste B.Mask)
      (net 3 "Net-(C2-Pad1)"))
    (pad 2 smd rect (at -3.15 0 90) (size 2 1.5) (layers B.Cu B.Paste B.Mask)
      (net 3 "Net-(C2-Pad1)"))
    (pad 3 smd rect (at -3.15 -2.3 90) (size 2 1.5) (layers B.Cu B.Paste B.Mask)
      (net 1 +5V))
    (pad 1 smd rect (at -3.15 2.3 90) (size 2 1.5) (layers B.Cu B.Paste B.Mask)
      (net 2 GND))
    (model ${KISYS3DMOD}/Package_TO_SOT_SMD.3dshapes/SOT-223.wrl
      (at (xyz 0 0 0))
      (scale (xyz 1 1 1))
      (rotate (xyz 0 0 0))
    )
  )

  (segment (start 66.6125 111.9) (end 67.4 111.1125) (width 0.25) (layer F.Cu) (net 1))
  (segment (start 64.05 111.9) (end 66.6125 111.9) (width 0.25) (layer F.Cu) (net 1))
  (segment (start 67.4 111.1125) (end 67.4125 111.1125) (width 0.25) (layer F.Cu) (net 1))
  (segment (start 68.2 111.9) (end 69.5 111.9) (width 0.25) (layer F.Cu) (net 1))
  (segment (start 67.4125 111.1125) (end 68.2 111.9) (width 0.25) (layer F.Cu) (net 1))
  (segment (start 70.55 109.6) (end 67.66 109.6) (width 0.25) (layer B.Cu) (net 1))
  (segment (start 71.2 108.95) (end 70.55 109.6) (width 0.25) (layer B.Cu) (net 1))
  (segment (start 69.5 111.9) (end 70.2 111.9) (width 0.25) (layer F.Cu) (net 1))
  (via (at 71.1 111.2) (size 0.8) (drill 0.4) (layers F.Cu B.Cu) (net 1))
  (segment (start 70.4 111.9) (end 71.1 111.2) (width 0.25) (layer F.Cu) (net 1))
  (segment (start 69.5 111.9) (end 70.4 111.9) (width 0.25) (layer F.Cu) (net 1))
  (segment (start 71.1 110.15) (end 70.55 109.6) (width 0.25) (layer B.Cu) (net 1))
  (segment (start 71.1 111.2) (end 71.1 110.15) (width 0.25) (layer B.Cu) (net 1))
  (segment (start 73.6 111.35) (end 73.7 111.35) (width 0.25) (layer B.Cu) (net 1))
  (segment (start 71.2 108.95) (end 73.6 111.35) (width 0.25) (layer B.Cu) (net 1))
  (segment (start 83.7 109.1) (end 83.1 109.1) (width 0.25) (layer B.Cu) (net 1))
  (segment (start 83.1 109.1) (end 79.3 112.9) (width 0.25) (layer B.Cu) (net 1))
  (segment (start 79.3 112.9) (end 74.2 112.9) (width 0.25) (layer B.Cu) (net 1))
  (segment (start 73.7 112.4) (end 73.7 111.35) (width 0.25) (layer B.Cu) (net 1))
  (segment (start 74.2 112.9) (end 73.7 112.4) (width 0.25) (layer B.Cu) (net 1))
  (segment (start 66.4125 104.9) (end 67.4 105.8875) (width 0.25) (layer F.Cu) (net 2))
  (segment (start 64.05 104.9) (end 66.4125 104.9) (width 0.25) (layer F.Cu) (net 2))
  (segment (start 71.15 107) (end 71.2 107.05) (width 0.25) (layer B.Cu) (net 2))
  (segment (start 72.9 105.9875) (end 74.5125 105.9875) (width 0.25) (layer F.Cu) (net 2))
  (segment (start 75.095 105.405) (end 75.095 104.45) (width 0.25) (layer F.Cu) (net 2))
  (segment (start 74.5125 105.9875) (end 75.095 105.405) (width 0.25) (layer F.Cu) (net 2))
  (segment (start 78.3 111.35) (end 78.3 109.7) (width 0.25) (layer B.Cu) (net 2))
  (segment (start 75.65 107.05) (end 71.2 107.05) (width 0.25) (layer B.Cu) (net 2))
  (segment (start 78.3 109.7) (end 75.65 107.05) (width 0.25) (layer B.Cu) (net 2))
  (segment (start 79.05 108.95) (end 78.3 109.7) (width 0.25) (layer B.Cu) (net 2))
  (segment (start 80.8 108.95) (end 79.05 108.95) (width 0.25) (layer B.Cu) (net 2))
  (segment (start 67.4 105.8875) (end 67.4125 105.8875) (width 0.25) (layer F.Cu) (net 2))
  (segment (start 67.4125 105.8875) (end 68.3 105) (width 0.25) (layer F.Cu) (net 2))
  (segment (start 71.9125 105) (end 72.9 105.9875) (width 0.25) (layer F.Cu) (net 2))
  (via (at 70.1 105.5) (size 0.8) (drill 0.4) (layers F.Cu B.Cu) (net 2))
  (segment (start 70.1 105) (end 70.1 105.5) (width 0.25) (layer F.Cu) (net 2))
  (segment (start 68.3 105) (end 70.1 105) (width 0.25) (layer F.Cu) (net 2))
  (segment (start 70.1 105) (end 71.9125 105) (width 0.25) (layer F.Cu) (net 2))
  (segment (start 70.1 105.5) (end 70.1 107) (width 0.25) (layer B.Cu) (net 2))
  (segment (start 70.1 107) (end 71.15 107) (width 0.25) (layer B.Cu) (net 2))
  (segment (start 67.66 107) (end 70.1 107) (width 0.25) (layer B.Cu) (net 2))
  (segment (start 83.19 106.56) (end 83.7 106.56) (width 0.25) (layer B.Cu) (net 2))
  (segment (start 80.8 108.95) (end 83.19 106.56) (width 0.25) (layer B.Cu) (net 2))
  (segment (start 76 105.05) (end 76.15 105.05) (width 0.25) (layer B.Cu) (net 3))
  (segment (start 78.15 107.05) (end 80.8 107.05) (width 0.25) (layer B.Cu) (net 3))
  (segment (start 76.15 105.05) (end 78.15 107.05) (width 0.25) (layer B.Cu) (net 3))
  (via (at 78.2 108.2) (size 0.8) (drill 0.4) (layers F.Cu B.Cu) (net 3))
  (segment (start 78.15 108.15) (end 78.2 108.2) (width 0.25) (layer B.Cu) (net 3))
  (segment (start 78.15 107.05) (end 78.15 108.15) (width 0.25) (layer B.Cu) (net 3))
  (segment (start 78.905 108.905) (end 78.905 111.75) (width 0.25) (layer F.Cu) (net 3))
  (segment (start 78.2 108.2) (end 78.905 108.905) (width 0.25) (layer F.Cu) (net 3))
  (segment (start 72.9 107.8125) (end 72.2875 107.8125) (width 0.25) (layer F.Cu) (net 4))
  (segment (start 71.4875 108.6125) (end 71.4875 109.7) (width 0.25) (layer F.Cu) (net 4))
  (segment (start 72.2875 107.8125) (end 71.4875 108.6125) (width 0.25) (layer F.Cu) (net 4))
  (segment (start 69.875 109.7) (end 69.5 110.075) (width 0.25) (layer F.Cu) (net 4))
  (segment (start 71.4875 109.7) (end 69.875 109.7) (width 0.25) (layer F.Cu) (net 4))
  (segment (start 64.05 109.4) (end 65.7 109.4) (width 0.25) (layer F.Cu) (net 4))
  (segment (start 69.44999 110.12501) (end 69.5 110.075) (width 0.25) (layer F.Cu) (net 4))
  (segment (start 66.42501 110.12501) (end 69.44999 110.12501) (width 0.25) (layer F.Cu) (net 4))
  (segment (start 65.7 109.4) (end 66.42501 110.12501) (width 0.25) (layer F.Cu) (net 4))
  (via (at 68.9 108.875) (size 0.8) (drill 0.4) (layers F.Cu B.Cu) (net 4))
  (segment (start 68.825 108.95) (end 68.9 108.875) (width 0.25) (layer B.Cu) (net 4))
